mmm 55555 sun, 5 5555555555 51

mamm
nssuoulmzlonss

nu.

nn.

-—-——

Principio 10. 15 50. 15
15 Meno 18. 50 59. 55
Fine 15. 55 50. 50

5 5 5 5

55. 55 55. 55 555555

19. 15 51. 53
19. 50 55. 55
19. 55 55. 55

19. 55 55. 55 , ,
2⁰. ⁰ 6³. a Per 55555 ὼ

55. 15 55. 55 suevia

Per Usburgo di
5055555

 

50. 15 55. 55 Per la 55555
50. 50 55. 5 55105555
50. 55 55. 55 1551555555·

90. 55 55. 90
21. 0 55. 59
21. 15 55. 9 ’

51. 15 55. 9

55. 55 55. 51 .
55. 55 55. 55 Smin,

55. 55 n
55. 55
55. 5⁷

55. 57

di 55555555,

 

 

55. 5 0. 17
55. 15

55. 15
55. 50

55. 25

...-.--

59. 15 55. 95
55. 55 55. 55 0. 5 vicine.
55. 55 55. 55

 

(imum 055555-555. ΙΙΙ.

 

