178 111111111111 1111111111 norint

1111111111111111111111,11111 1111111111 11 11111111111 11111
1111111111 111111 1111111111111111111111111 terrestre, in 111-
11111 11111111111111 11111 1111111111111111111111111111-
1111111111111,(111111 11111111 11111111111111 111 11 1111111111
11111 111111111; 11 111 1111111 111111 argomento 111 11 Luna
non 111111 11 si 111111 1111111111111 11111111111 111111,111
1111111111111111111Τ111111111111111 11111 11111 111 inscia.
· Preso dunque 1111 assunto 11111 1111, 1111111111111111111111
oonsegnenzo 111 seguine ne 11111111111,111111111111111111
1111111111 111111111111 111111111111 11 segnissem. 11111 11 111-
11111111 1 111 111111 11 (111111 tatto. De queste ipotesi, o 11-
111111 1111 assunto, 11 1111111111 111 1111111 11111111111111

⁴ collocato 111 1111111111111111111111111111111111111111111111

11111 11111 superficie 111111, 11 (11111 1111111 compress 11111

1111111111 111111, 111 1111111111 1111111111111111 sino 11111-
- 11111 11 esse superficie lunare, 11 intorno di 1111 111111111111,
11111111111111111 1111, 11111 11111111111111 1111111111, 1 11
’ 111111111111111111111111111111111111111111111111111111111

1111111111111 1111111111 girata 1111111; 11 (1111111111111111111
111111111111111111111111111 1111 111111111 111111111, (11111111
11111 11111111111111111 111111111 giobo lunare 1111111111-
1111. Qui 111111 1 1111111111111 qnando 11111111 111111111111-
1111111 intervallo 111 11111111111111111 1 1111111, girminei
111111111111111 conversione 11111 Luna intorno 1111111111 non
11111111111 1111111111 111111 1111111111111 111111111111111
superficie 111111 11111111111111111111 osmonte, 111111111
111111111. Ma 1111111 11 11111111 111 11 centro 11111 Luna e
1 111111 si 1111111 minore, 1 111111 11 1111 111111111 1’ 1111-
1111111111111111, 111111 111 1111111 1111111111111111111 1
(111111, 11111 11111 1111111111,1111111111 orizzonto si 1111111-
1 gerebbe, 111111111 1111111 11 11111 11111 11111111 111111 1111-
11111 11111111111111111; 11111111111 11111 1111111111 qnando
l’ intervallo 1111111111111 111111 lunare 1111111111 memore,
111111 111111 1111111111111111111111 11111111111111111111111-
1111 11111 superficie 111111, 1111111111 111 11111 1111111111
111111. 111 11111 11111111111111111,111111 111111 1111111
fisso 1111111111 1111111111, 11111111111111 dipendesse 11111

 

