11111100 (1101101110 urceum 001111 391

001101111000 001010, cib 00010 00010000 (11 010 1001010111111
010000, 0 0011111 0011010100ίο credibile ebe 00010 ue 0101100
011010 00 0101101010 uon crederei 011 gran mollitudine, perche
001οο0010 in 01011 00111010,10010110101010010 000000 00 00 (1010-
101110 vedere 0100110 00110 11 0010, 11 010 0 010 cin 010 00111
00001010, nb 11 10 101010 01110 ebe ‹li queste macebie, 0 000
110 101 probabile, cbe 110 quelle 00000 esser 0000010 010000 01
10110 010110, 10110111 (000010 ancora 10000 0010001101010001110
011000011010101100110110111000110 0010, uon 10 1100 101010·
101110, 0010111 11 0101100010 000 doverebbe 00001110 uniforme,
0 velocissimo 11000110 0 quello delle muccbie: velocissimo, 001-
011 0101001001111001011011111101011 quello 11 Mercurio, e veri·
0110110, 00001110 1000100111 (101010110101111 11 10111011 01111
0100011, 010 il 0110 001101010000 0111 11010, 01 11 cuo 01010 0111
veloce 10101010 0 101 periodo di Mercurio, 110001 Mercurio
nel ’0000010011011 8010 11010100 11 000 disco 111 6 010 10 01100,
niobe 0111001000ίο 0111 veloce 11 111010 00001110110110 100101
1100101110 0010111 10000 000110, 00 011 nou 01 1010000 10111100-
vcre 10 011 0010110 0001 0100010, che quusi 10000000 11 00100 00·
1010111 010 001 010 010000 001 110000 (1010111110110ος111010
colchi, purclib 1000010 (11 1101110110 100 0 110 volte 0100-
01010 101 diametro (101 8010, 0000110110 (00001010 delto:
010 10 1110001110 1001000 molti 010101 0011010010 001 8010,
0111110110 110 1010, 0001101010 000110, non 1 credibile ebe
00001 ’0100010 01001101 1100010 01110 0110 10100111 101010110 011-
0010 010010101 quasi uniformemente, 00010 0011 001 quelche
000110 notabile 11010010 101 8010, 001011 0000011110 101000 001-
0111010010101110 0011000010 01 8010, 0 (0001100000, (1110110 0000
0111000100Μο 00000111 0 110001 dell’ocobio 00011ος per loebe
0011100001111 lei 00101100 101010 00110 000011 100000111111101110
1110000011, eloe quasi 000011, 00101110010 10 0000 00001110110

101110110ος 1101100011 000010 nel 10010 10110 01000110, 10 quali
101000100010 1100000000 10 00111 11 mezzo, equanto 0111 0000
vicine 0110 0110001010010, 101110 0111 0101000010 0011110111ου0.
1100110 dunque 10 0001010000οοοο 00001 101101101110001010 stelle,
cire 11011 8010 0110100110 10110110 1000010, 0 1110110110 1101-
011110 0 Venere, perche 010110 000010 00000001101001110 10 101

 

