3333333 333333 ibin 33333333 sorim lto

333333 3303 333 pub, 311330 ebe per simil conversione 33 11
13110 31 3133333 331 13030 330, 33 13 33311 si permuteno 133 31
1030, 313 3333 3133333 0333133013 lor 33133313 conmunione,
131 3133 per quanto 3333311333 3113 costit'uzioni 33113110 03113
330 33311, 131 333133313 3 come se non losse; quanto 33113-

3331303113313331, 303 3333133 03133013 313330 30333 30333 303-
13110 impedirem non 13333 13 31313 33113 33133113; 33 301
333130 3330 13113 quel 3331033311 8013, 3133 3 11 330 ambiente,
non 3310 303 1333313οο 11 3031333103133 noi 3333131330 31
attribnirli, mn egli stesso se ne mnove, e non 3033330311330-
333133, 033 0311 303 13331 3331313333, 13 quale 33303 333 303
301 8010; adunque qui 3333330 13111 311 0313331 1333313οη13 11
obe 31333 333310333313 ancora 3331333330, 3333133 01133 3 quel
obe si 3 33110, 333333 ebe 31333 mobile possa 3333 3333333333
33 33 monimento 30333 3333 3303333103 33133313 311’ 3333313
(perche 33113 1331333333 333 3 3333333333); 3 3333113 0131 33-
13333 303331 8013 303113333 31 3313 013301330 331 330 33313313,
333, 31 potrebbe 3313331 propensione 31 3310 013301333 3333310
aquei 3311331313313, 11 obe 33100333033 3313131131101303103-
perato. 1103333031 dunque 13 0331 3030 303 331 80131333333313
conversione delle 33031313, meglio 33033313 331333133333 per
33311313331333, per 13 33133 ragione 33 33 3330113. Μ3113 31133
333313333313313013313333333 333 303103333133 33331333 33113
313 33131033, 33 31 130333 133333333οἰ 1 termini 31 333 letteren
3333, per 11313 31 piri 1333313 00033313, 33330 3 3033131333 3113
33033333 33 Apelle, 3103 31 3033 331 31333333 13 33031313 333
30333 31331333 311333310, 3033 nell’ 31133 311 30033331, 33 33
313 313303313, 303300 cassinense, nominato llon benedetto Ca·
313111, 13313113 nobile di Β333313,3033 d’ 1333330 3003113313, 3
30133 30331333, 1113330 331 iilosolare: 33 11 3030 3333310113331
33133333 11 1013300310 33330 11 8013, 3333 3331131 lo 3013330 31-
313333, 333331331313103133331013,033333331 333 33313 1313333
03133313303133 31 33130 3033333,1031333 33 3330 30130 33331-
130 03133333 palmi; 3333133 30333 3333 cadero 13 333313 313301330
30131330 3318010, 303 13113 13 33301313 obe 13 3330 31 311333333,
03313313 0 31333313 33113 33303133 3133313133 capello 3133331
Sole son 3113313; 3 quanto piir 13 33313 31 31103133333331333-

 

